40Ca(p,2p)39K(2s1/2)    Global potential, Well-depth
1      0  2         2         2         2         0         0         0
0.        0.5       1.        0.1       100.      32.       20.       20.     
1.        2.        0.        0.5
40.0      20.       1.0078    1.        100.      20.       40.       10.
1.2       1.2       0.65      0.65                1.25       0.       0.85
                                                                      
39.       19.0000   1.0078    1.        0.        20.       40.       10.
1.2       1.2       0.65      0.65                1.25       0.       0.85
                                                                      
39.       19.       1.0078    1.        0.0       20.       40.       10.         
1.2       1.2       0.65      0.65                1.25       0.       0.85
                                                                      
                    1.                  10.84                         6.      
1.4       1.4       0.55      0.55                1.25      -1.               

      50.0      44.0      -39.0       0.0       1.0
       5.0       0.0        0.0       0.0        
     100.0       0.0        0.0       0.0       

