53K(p,2p)52Ar(1d3/2)    Global potential, Well-depth
1      0  2         2         2         2         0         0         0
0.5       2.        1.        0.1       150.      32.       20.       20.     
1.        3.        2.        1.5
53.0      19.       1.0078    1.        250.      50.       3.
                                                  1.25       0.       0.85
                                                                      EDAD1
52.       18.0000   1.0078    1.        0.        30.       3.
                                                  1.25        0.      0.85
                                                                      EDAD1
52.       18.       1.0078    1.        0.0       30.       3.         
                                                  1.25        0.      0.85
                                                                      EDAD1
                    1.                  15.03                         6.      
1.4       1.4       0.55      0.55                1.25      -1.               

      10.0       5.0      -5.0       0.0       1.0
       0.0       5.0       0.0       0.0
       0.0      85.0       0.0       0.0
      10.0       5.0     -10.0       0.0       1.0
       0.0       5.0       0.0       0.0
       0.0      85.0       0.0       0.0
      10.0       5.0     -15.0       0.0       1.0
       0.0       5.0       0.0       0.0
       0.0      85.0       0.0       0.0
      10.0       5.0     -20.0       0.0       1.0
       0.0       5.0       0.0       0.0
       0.0      85.0       0.0       0.0
      10.0       5.0     -25.0       0.0       1.0
       0.0       5.0       0.0       0.0
       0.0      85.0       0.0       0.0
      10.0       5.0     -30.0       0.0       1.0
       0.0       5.0       0.0       0.0
       0.0      85.0       0.0       0.0
      10.0       5.0     -35.0       0.0       1.0
       0.0       5.0       0.0       0.0
       0.0      85.0       0.0       0.0
      10.0       5.0     -40.0       0.0       1.0
       0.0       5.0       0.0       0.0
       0.0      85.0       0.0       0.0
      10.0       5.0     -45.0       0.0       1.0
       0.0       5.0       0.0       0.0
       0.0      85.0       0.0       0.0
      10.0       5.0     -50.0       0.0       1.0
       0.0       5.0       0.0       0.0
       0.0      85.0       0.0       0.0
      10.0       5.0     -55.0       0.0       1.0
       0.0       5.0       0.0       0.0
       0.0      85.0       0.0       0.0
      10.0       5.0     -60.0       0.0       1.0
       0.0       5.0       0.0       0.0
       0.0      85.0       0.0       0.0
      10.0       5.0     -65.0       0.0       1.0
       0.0       5.0       0.0       0.0
       0.0      85.0       0.0       0.0
      10.0       5.0     -70.0       0.0       1.0
       0.0       5.0       0.0       0.0
       0.0      85.0       0.0       0.0
      10.0       5.0     -75.0       0.0       1.0
       0.0       5.0       0.0       0.0
       0.0      85.0       0.0       0.0
      10.0       5.0     -80.0       0.0       1.0
       0.0       5.0       0.0       0.0
       0.0      85.0       0.0       0.0
      10.0       5.0     -85.0       0.0       1.0
       0.0       5.0       0.0       0.0
       0.0      85.0       0.0       0.0
      20.0       5.0      -5.0       0.0       1.0
       0.0       5.0       0.0       0.0
       0.0      85.0       0.0       0.0
      20.0       5.0     -10.0       0.0       1.0
       0.0       5.0       0.0       0.0
       0.0      85.0       0.0       0.0
      20.0       5.0     -15.0       0.0       1.0
       0.0       5.0       0.0       0.0
       0.0      85.0       0.0       0.0
      20.0       5.0     -20.0       0.0       1.0
       0.0       5.0       0.0       0.0
       0.0      85.0       0.0       0.0
      20.0       5.0     -25.0       0.0       1.0
       0.0       5.0       0.0       0.0
       0.0      85.0       0.0       0.0
      20.0       5.0     -30.0       0.0       1.0
       0.0       5.0       0.0       0.0
       0.0      85.0       0.0       0.0
      20.0       5.0     -35.0       0.0       1.0
       0.0       5.0       0.0       0.0
       0.0      85.0       0.0       0.0
      20.0       5.0     -40.0       0.0       1.0
       0.0       5.0       0.0       0.0
       0.0      85.0       0.0       0.0
      20.0       5.0     -45.0       0.0       1.0
       0.0       5.0       0.0       0.0
       0.0      85.0       0.0       0.0
      20.0       5.0     -50.0       0.0       1.0
       0.0       5.0       0.0       0.0
       0.0      85.0       0.0       0.0
      20.0       5.0     -55.0       0.0       1.0
       0.0       5.0       0.0       0.0
       0.0      85.0       0.0       0.0
      20.0       5.0     -60.0       0.0       1.0
       0.0       5.0       0.0       0.0
       0.0      85.0       0.0       0.0
      20.0       5.0     -65.0       0.0       1.0
       0.0       5.0       0.0       0.0
       0.0      85.0       0.0       0.0
      20.0       5.0     -70.0       0.0       1.0
       0.0       5.0       0.0       0.0
       0.0      85.0       0.0       0.0
      20.0       5.0     -75.0       0.0       1.0
       0.0       5.0       0.0       0.0
       0.0      85.0       0.0       0.0
      20.0       5.0     -80.0       0.0       1.0
       0.0       5.0       0.0       0.0
       0.0      85.0       0.0       0.0
      20.0       5.0     -85.0       0.0       1.0
       0.0       5.0       0.0       0.0
       0.0      85.0       0.0       0.0
      30.0       5.0      -5.0       0.0       1.0
       0.0       5.0       0.0       0.0
       0.0      85.0       0.0       0.0
      30.0       5.0     -10.0       0.0       1.0
       0.0       5.0       0.0       0.0
       0.0      85.0       0.0       0.0
      30.0       5.0     -15.0       0.0       1.0
       0.0       5.0       0.0       0.0
       0.0      85.0       0.0       0.0
      30.0       5.0     -20.0       0.0       1.0
       0.0       5.0       0.0       0.0
       0.0      85.0       0.0       0.0
      30.0       5.0     -25.0       0.0       1.0
       0.0       5.0       0.0       0.0
       0.0      85.0       0.0       0.0
      30.0       5.0     -30.0       0.0       1.0
       0.0       5.0       0.0       0.0
       0.0      85.0       0.0       0.0
      30.0       5.0     -35.0       0.0       1.0
       0.0       5.0       0.0       0.0
       0.0      85.0       0.0       0.0
      30.0       5.0     -40.0       0.0       1.0
       0.0       5.0       0.0       0.0
       0.0      85.0       0.0       0.0
      30.0       5.0     -45.0       0.0       1.0
       0.0       5.0       0.0       0.0
       0.0      85.0       0.0       0.0
      30.0       5.0     -50.0       0.0       1.0
       0.0       5.0       0.0       0.0
       0.0      85.0       0.0       0.0
      30.0       5.0     -55.0       0.0       1.0
       0.0       5.0       0.0       0.0
       0.0      85.0       0.0       0.0
      30.0       5.0     -60.0       0.0       1.0
       0.0       5.0       0.0       0.0
       0.0      85.0       0.0       0.0
      30.0       5.0     -65.0       0.0       1.0
       0.0       5.0       0.0       0.0
       0.0      85.0       0.0       0.0
      30.0       5.0     -70.0       0.0       1.0
       0.0       5.0       0.0       0.0
       0.0      85.0       0.0       0.0
      30.0       5.0     -75.0       0.0       1.0
       0.0       5.0       0.0       0.0
       0.0      85.0       0.0       0.0
      30.0       5.0     -80.0       0.0       1.0
       0.0       5.0       0.0       0.0
       0.0      85.0       0.0       0.0
      30.0       5.0     -85.0       0.0       1.0
       0.0       5.0       0.0       0.0
       0.0      85.0       0.0       0.0
      40.0       5.0      -5.0       0.0       1.0
       0.0       5.0       0.0       0.0
       0.0      85.0       0.0       0.0
      40.0       5.0     -10.0       0.0       1.0
       0.0       5.0       0.0       0.0
       0.0      85.0       0.0       0.0
      40.0       5.0     -15.0       0.0       1.0
       0.0       5.0       0.0       0.0
       0.0      85.0       0.0       0.0
      40.0       5.0     -20.0       0.0       1.0
       0.0       5.0       0.0       0.0
       0.0      85.0       0.0       0.0
      40.0       5.0     -25.0       0.0       1.0
       0.0       5.0       0.0       0.0
       0.0      85.0       0.0       0.0
      40.0       5.0     -30.0       0.0       1.0
       0.0       5.0       0.0       0.0
       0.0      85.0       0.0       0.0
      40.0       5.0     -35.0       0.0       1.0
       0.0       5.0       0.0       0.0
       0.0      85.0       0.0       0.0
      40.0       5.0     -40.0       0.0       1.0
       0.0       5.0       0.0       0.0
       0.0      85.0       0.0       0.0
      40.0       5.0     -45.0       0.0       1.0
       0.0       5.0       0.0       0.0
       0.0      85.0       0.0       0.0
      40.0       5.0     -50.0       0.0       1.0
       0.0       5.0       0.0       0.0
       0.0      85.0       0.0       0.0
      40.0       5.0     -55.0       0.0       1.0
       0.0       5.0       0.0       0.0
       0.0      85.0       0.0       0.0
      40.0       5.0     -60.0       0.0       1.0
       0.0       5.0       0.0       0.0
       0.0      85.0       0.0       0.0
      40.0       5.0     -65.0       0.0       1.0
       0.0       5.0       0.0       0.0
       0.0      85.0       0.0       0.0
      40.0       5.0     -70.0       0.0       1.0
       0.0       5.0       0.0       0.0
       0.0      85.0       0.0       0.0
      40.0       5.0     -75.0       0.0       1.0
       0.0       5.0       0.0       0.0
       0.0      85.0       0.0       0.0
      40.0       5.0     -80.0       0.0       1.0
       0.0       5.0       0.0       0.0
       0.0      85.0       0.0       0.0
      40.0       5.0     -85.0       0.0       1.0
       0.0       5.0       0.0       0.0
       0.0      85.0       0.0       0.0
      50.0       5.0      -5.0       0.0       1.0
       0.0       5.0       0.0       0.0
       0.0      85.0       0.0       0.0
      50.0       5.0     -10.0       0.0       1.0
       0.0       5.0       0.0       0.0
       0.0      85.0       0.0       0.0
      50.0       5.0     -15.0       0.0       1.0
       0.0       5.0       0.0       0.0
       0.0      85.0       0.0       0.0
      50.0       5.0     -20.0       0.0       1.0
       0.0       5.0       0.0       0.0
       0.0      85.0       0.0       0.0
      50.0       5.0     -25.0       0.0       1.0
       0.0       5.0       0.0       0.0
       0.0      85.0       0.0       0.0
      50.0       5.0     -30.0       0.0       1.0
       0.0       5.0       0.0       0.0
       0.0      85.0       0.0       0.0
      50.0       5.0     -35.0       0.0       1.0
       0.0       5.0       0.0       0.0
       0.0      85.0       0.0       0.0
      50.0       5.0     -40.0       0.0       1.0
       0.0       5.0       0.0       0.0
       0.0      85.0       0.0       0.0
      50.0       5.0     -45.0       0.0       1.0
       0.0       5.0       0.0       0.0
       0.0      85.0       0.0       0.0
      50.0       5.0     -50.0       0.0       1.0
       0.0       5.0       0.0       0.0
       0.0      85.0       0.0       0.0
      50.0       5.0     -55.0       0.0       1.0
       0.0       5.0       0.0       0.0
       0.0      85.0       0.0       0.0
      50.0       5.0     -60.0       0.0       1.0
       0.0       5.0       0.0       0.0
       0.0      85.0       0.0       0.0
      50.0       5.0     -65.0       0.0       1.0
       0.0       5.0       0.0       0.0
       0.0      85.0       0.0       0.0
      50.0       5.0     -70.0       0.0       1.0
       0.0       5.0       0.0       0.0
       0.0      85.0       0.0       0.0
      50.0       5.0     -75.0       0.0       1.0
       0.0       5.0       0.0       0.0
       0.0      85.0       0.0       0.0
      50.0       5.0     -80.0       0.0       1.0
       0.0       5.0       0.0       0.0
       0.0      85.0       0.0       0.0
      50.0       5.0     -85.0       0.0       1.0
       0.0       5.0       0.0       0.0
       0.0      85.0       0.0       0.0
      60.0       5.0      -5.0       0.0       1.0
       0.0       5.0       0.0       0.0
       0.0      85.0       0.0       0.0
      60.0       5.0     -10.0       0.0       1.0
       0.0       5.0       0.0       0.0
       0.0      85.0       0.0       0.0
      60.0       5.0     -15.0       0.0       1.0
       0.0       5.0       0.0       0.0
       0.0      85.0       0.0       0.0
      60.0       5.0     -20.0       0.0       1.0
       0.0       5.0       0.0       0.0
       0.0      85.0       0.0       0.0
      60.0       5.0     -25.0       0.0       1.0
       0.0       5.0       0.0       0.0
       0.0      85.0       0.0       0.0
      60.0       5.0     -30.0       0.0       1.0
       0.0       5.0       0.0       0.0
       0.0      85.0       0.0       0.0
      60.0       5.0     -35.0       0.0       1.0
       0.0       5.0       0.0       0.0
       0.0      85.0       0.0       0.0
      60.0       5.0     -40.0       0.0       1.0
       0.0       5.0       0.0       0.0
       0.0      85.0       0.0       0.0
      60.0       5.0     -45.0       0.0       1.0
       0.0       5.0       0.0       0.0
       0.0      85.0       0.0       0.0
      60.0       5.0     -50.0       0.0       1.0
       0.0       5.0       0.0       0.0
       0.0      85.0       0.0       0.0
      60.0       5.0     -55.0       0.0       1.0
       0.0       5.0       0.0       0.0
       0.0      85.0       0.0       0.0
      60.0       5.0     -60.0       0.0       1.0
       0.0       5.0       0.0       0.0
       0.0      85.0       0.0       0.0
      60.0       5.0     -65.0       0.0       1.0
       0.0       5.0       0.0       0.0
       0.0      85.0       0.0       0.0
      60.0       5.0     -70.0       0.0       1.0
       0.0       5.0       0.0       0.0
       0.0      85.0       0.0       0.0
      60.0       5.0     -75.0       0.0       1.0
       0.0       5.0       0.0       0.0
       0.0      85.0       0.0       0.0
      60.0       5.0     -80.0       0.0       1.0
       0.0       5.0       0.0       0.0
       0.0      85.0       0.0       0.0
      60.0       5.0     -85.0       0.0       1.0
       0.0       5.0       0.0       0.0
       0.0      85.0       0.0       0.0
      70.0       5.0      -5.0       0.0       1.0
       0.0       5.0       0.0       0.0
       0.0      85.0       0.0       0.0
      70.0       5.0     -10.0       0.0       1.0
       0.0       5.0       0.0       0.0
       0.0      85.0       0.0       0.0
      70.0       5.0     -15.0       0.0       1.0
       0.0       5.0       0.0       0.0
       0.0      85.0       0.0       0.0
      70.0       5.0     -20.0       0.0       1.0
       0.0       5.0       0.0       0.0
       0.0      85.0       0.0       0.0
      70.0       5.0     -25.0       0.0       1.0
       0.0       5.0       0.0       0.0
       0.0      85.0       0.0       0.0
      70.0       5.0     -30.0       0.0       1.0
       0.0       5.0       0.0       0.0
       0.0      85.0       0.0       0.0
      70.0       5.0     -35.0       0.0       1.0
       0.0       5.0       0.0       0.0
       0.0      85.0       0.0       0.0
      70.0       5.0     -40.0       0.0       1.0
       0.0       5.0       0.0       0.0
       0.0      85.0       0.0       0.0
      70.0       5.0     -45.0       0.0       1.0
       0.0       5.0       0.0       0.0
       0.0      85.0       0.0       0.0
      70.0       5.0     -50.0       0.0       1.0
       0.0       5.0       0.0       0.0
       0.0      85.0       0.0       0.0
      70.0       5.0     -55.0       0.0       1.0
       0.0       5.0       0.0       0.0
       0.0      85.0       0.0       0.0
      70.0       5.0     -60.0       0.0       1.0
       0.0       5.0       0.0       0.0
       0.0      85.0       0.0       0.0
      70.0       5.0     -65.0       0.0       1.0
       0.0       5.0       0.0       0.0
       0.0      85.0       0.0       0.0
      70.0       5.0     -70.0       0.0       1.0
       0.0       5.0       0.0       0.0
       0.0      85.0       0.0       0.0
      70.0       5.0     -75.0       0.0       1.0
       0.0       5.0       0.0       0.0
       0.0      85.0       0.0       0.0
      70.0       5.0     -80.0       0.0       1.0
       0.0       5.0       0.0       0.0
       0.0      85.0       0.0       0.0
      70.0       5.0     -85.0       0.0       1.0
       0.0       5.0       0.0       0.0
       0.0      85.0       0.0       0.0
      80.0       5.0      -5.0       0.0       1.0
       0.0       5.0       0.0       0.0
       0.0      85.0       0.0       0.0
      80.0       5.0     -10.0       0.0       1.0
       0.0       5.0       0.0       0.0
       0.0      85.0       0.0       0.0
      80.0       5.0     -15.0       0.0       1.0
       0.0       5.0       0.0       0.0
       0.0      85.0       0.0       0.0
      80.0       5.0     -20.0       0.0       1.0
       0.0       5.0       0.0       0.0
       0.0      85.0       0.0       0.0
      80.0       5.0     -25.0       0.0       1.0
       0.0       5.0       0.0       0.0
       0.0      85.0       0.0       0.0
      80.0       5.0     -30.0       0.0       1.0
       0.0       5.0       0.0       0.0
       0.0      85.0       0.0       0.0
      80.0       5.0     -35.0       0.0       1.0
       0.0       5.0       0.0       0.0
       0.0      85.0       0.0       0.0
      80.0       5.0     -40.0       0.0       1.0
       0.0       5.0       0.0       0.0
       0.0      85.0       0.0       0.0
      80.0       5.0     -45.0       0.0       1.0
       0.0       5.0       0.0       0.0
       0.0      85.0       0.0       0.0
      80.0       5.0     -50.0       0.0       1.0
       0.0       5.0       0.0       0.0
       0.0      85.0       0.0       0.0
      80.0       5.0     -55.0       0.0       1.0
       0.0       5.0       0.0       0.0
       0.0      85.0       0.0       0.0
      80.0       5.0     -60.0       0.0       1.0
       0.0       5.0       0.0       0.0
       0.0      85.0       0.0       0.0
      80.0       5.0     -65.0       0.0       1.0
       0.0       5.0       0.0       0.0
       0.0      85.0       0.0       0.0
      80.0       5.0     -70.0       0.0       1.0
       0.0       5.0       0.0       0.0
       0.0      85.0       0.0       0.0
      80.0       5.0     -75.0       0.0       1.0
       0.0       5.0       0.0       0.0
       0.0      85.0       0.0       0.0
      80.0       5.0     -80.0       0.0       1.0
       0.0       5.0       0.0       0.0
       0.0      85.0       0.0       0.0
      80.0       5.0     -85.0       0.0       1.0
       0.0       5.0       0.0       0.0
       0.0      85.0       0.0       0.0
      90.0       5.0      -5.0       0.0       1.0
       0.0       5.0       0.0       0.0
       0.0      85.0       0.0       0.0
      90.0       5.0     -10.0       0.0       1.0
       0.0       5.0       0.0       0.0
       0.0      85.0       0.0       0.0
      90.0       5.0     -15.0       0.0       1.0
       0.0       5.0       0.0       0.0
       0.0      85.0       0.0       0.0
      90.0       5.0     -20.0       0.0       1.0
       0.0       5.0       0.0       0.0
       0.0      85.0       0.0       0.0
      90.0       5.0     -25.0       0.0       1.0
       0.0       5.0       0.0       0.0
       0.0      85.0       0.0       0.0
      90.0       5.0     -30.0       0.0       1.0
       0.0       5.0       0.0       0.0
       0.0      85.0       0.0       0.0
      90.0       5.0     -35.0       0.0       1.0
       0.0       5.0       0.0       0.0
       0.0      85.0       0.0       0.0
      90.0       5.0     -40.0       0.0       1.0
       0.0       5.0       0.0       0.0
       0.0      85.0       0.0       0.0
      90.0       5.0     -45.0       0.0       1.0
       0.0       5.0       0.0       0.0
       0.0      85.0       0.0       0.0
      90.0       5.0     -50.0       0.0       1.0
       0.0       5.0       0.0       0.0
       0.0      85.0       0.0       0.0
      90.0       5.0     -55.0       0.0       1.0
       0.0       5.0       0.0       0.0
       0.0      85.0       0.0       0.0
      90.0       5.0     -60.0       0.0       1.0
       0.0       5.0       0.0       0.0
       0.0      85.0       0.0       0.0
      90.0       5.0     -65.0       0.0       1.0
       0.0       5.0       0.0       0.0
       0.0      85.0       0.0       0.0
      90.0       5.0     -70.0       0.0       1.0
       0.0       5.0       0.0       0.0
       0.0      85.0       0.0       0.0
      90.0       5.0     -75.0       0.0       1.0
       0.0       5.0       0.0       0.0
       0.0      85.0       0.0       0.0
      90.0       5.0     -80.0       0.0       1.0
       0.0       5.0       0.0       0.0
       0.0      85.0       0.0       0.0
      90.0       5.0     -85.0       0.0       1.0
       0.0       5.0       0.0       0.0
       0.0      85.0       0.0       0.0
     100.0       5.0      -5.0       0.0       1.0
       0.0       5.0       0.0       0.0
       0.0      85.0       0.0       0.0
     100.0       5.0     -10.0       0.0       1.0
       0.0       5.0       0.0       0.0
       0.0      85.0       0.0       0.0
     100.0       5.0     -15.0       0.0       1.0
       0.0       5.0       0.0       0.0
       0.0      85.0       0.0       0.0
     100.0       5.0     -20.0       0.0       1.0
       0.0       5.0       0.0       0.0
       0.0      85.0       0.0       0.0
     100.0       5.0     -25.0       0.0       1.0
       0.0       5.0       0.0       0.0
       0.0      85.0       0.0       0.0
     100.0       5.0     -30.0       0.0       1.0
       0.0       5.0       0.0       0.0
       0.0      85.0       0.0       0.0
     100.0       5.0     -35.0       0.0       1.0
       0.0       5.0       0.0       0.0
       0.0      85.0       0.0       0.0
     100.0       5.0     -40.0       0.0       1.0
       0.0       5.0       0.0       0.0
       0.0      85.0       0.0       0.0
     100.0       5.0     -45.0       0.0       1.0
       0.0       5.0       0.0       0.0
       0.0      85.0       0.0       0.0
     100.0       5.0     -50.0       0.0       1.0
       0.0       5.0       0.0       0.0
       0.0      85.0       0.0       0.0
     100.0       5.0     -55.0       0.0       1.0
       0.0       5.0       0.0       0.0
       0.0      85.0       0.0       0.0
     100.0       5.0     -60.0       0.0       1.0
       0.0       5.0       0.0       0.0
       0.0      85.0       0.0       0.0
     100.0       5.0     -65.0       0.0       1.0
       0.0       5.0       0.0       0.0
       0.0      85.0       0.0       0.0
     100.0       5.0     -70.0       0.0       1.0
       0.0       5.0       0.0       0.0
       0.0      85.0       0.0       0.0
     100.0       5.0     -75.0       0.0       1.0
       0.0       5.0       0.0       0.0
       0.0      85.0       0.0       0.0
     100.0       5.0     -80.0       0.0       1.0
       0.0       5.0       0.0       0.0
       0.0      85.0       0.0       0.0
     100.0       5.0     -85.0       0.0       1.0
       0.0       5.0       0.0       0.0
       0.0      85.0       0.0       0.0
     110.0       5.0      -5.0       0.0       1.0
       0.0       5.0       0.0       0.0
       0.0      85.0       0.0       0.0
     110.0       5.0     -10.0       0.0       1.0
       0.0       5.0       0.0       0.0
       0.0      85.0       0.0       0.0
     110.0       5.0     -15.0       0.0       1.0
       0.0       5.0       0.0       0.0
       0.0      85.0       0.0       0.0
     110.0       5.0     -20.0       0.0       1.0
       0.0       5.0       0.0       0.0
       0.0      85.0       0.0       0.0
     110.0       5.0     -25.0       0.0       1.0
       0.0       5.0       0.0       0.0
       0.0      85.0       0.0       0.0
     110.0       5.0     -30.0       0.0       1.0
       0.0       5.0       0.0       0.0
       0.0      85.0       0.0       0.0
     110.0       5.0     -35.0       0.0       1.0
       0.0       5.0       0.0       0.0
       0.0      85.0       0.0       0.0
     110.0       5.0     -40.0       0.0       1.0
       0.0       5.0       0.0       0.0
       0.0      85.0       0.0       0.0
     110.0       5.0     -45.0       0.0       1.0
       0.0       5.0       0.0       0.0
       0.0      85.0       0.0       0.0
     110.0       5.0     -50.0       0.0       1.0
       0.0       5.0       0.0       0.0
       0.0      85.0       0.0       0.0
     110.0       5.0     -55.0       0.0       1.0
       0.0       5.0       0.0       0.0
       0.0      85.0       0.0       0.0
     110.0       5.0     -60.0       0.0       1.0
       0.0       5.0       0.0       0.0
       0.0      85.0       0.0       0.0
     110.0       5.0     -65.0       0.0       1.0
       0.0       5.0       0.0       0.0
       0.0      85.0       0.0       0.0
     110.0       5.0     -70.0       0.0       1.0
       0.0       5.0       0.0       0.0
       0.0      85.0       0.0       0.0
     110.0       5.0     -75.0       0.0       1.0
       0.0       5.0       0.0       0.0
       0.0      85.0       0.0       0.0
     110.0       5.0     -80.0       0.0       1.0
       0.0       5.0       0.0       0.0
       0.0      85.0       0.0       0.0
     110.0       5.0     -85.0       0.0       1.0
       0.0       5.0       0.0       0.0
       0.0      85.0       0.0       0.0
     120.0       5.0      -5.0       0.0       1.0
       0.0       5.0       0.0       0.0
       0.0      85.0       0.0       0.0
     120.0       5.0     -10.0       0.0       1.0
       0.0       5.0       0.0       0.0
       0.0      85.0       0.0       0.0
     120.0       5.0     -15.0       0.0       1.0
       0.0       5.0       0.0       0.0
       0.0      85.0       0.0       0.0
     120.0       5.0     -20.0       0.0       1.0
       0.0       5.0       0.0       0.0
       0.0      85.0       0.0       0.0
     120.0       5.0     -25.0       0.0       1.0
       0.0       5.0       0.0       0.0
       0.0      85.0       0.0       0.0
     120.0       5.0     -30.0       0.0       1.0
       0.0       5.0       0.0       0.0
       0.0      85.0       0.0       0.0
     120.0       5.0     -35.0       0.0       1.0
       0.0       5.0       0.0       0.0
       0.0      85.0       0.0       0.0
     120.0       5.0     -40.0       0.0       1.0
       0.0       5.0       0.0       0.0
       0.0      85.0       0.0       0.0
     120.0       5.0     -45.0       0.0       1.0
       0.0       5.0       0.0       0.0
       0.0      85.0       0.0       0.0
     120.0       5.0     -50.0       0.0       1.0
       0.0       5.0       0.0       0.0
       0.0      85.0       0.0       0.0
     120.0       5.0     -55.0       0.0       1.0
       0.0       5.0       0.0       0.0
       0.0      85.0       0.0       0.0
     120.0       5.0     -60.0       0.0       1.0
       0.0       5.0       0.0       0.0
       0.0      85.0       0.0       0.0
     120.0       5.0     -65.0       0.0       1.0
       0.0       5.0       0.0       0.0
       0.0      85.0       0.0       0.0
     120.0       5.0     -70.0       0.0       1.0
       0.0       5.0       0.0       0.0
       0.0      85.0       0.0       0.0
     120.0       5.0     -75.0       0.0       1.0
       0.0       5.0       0.0       0.0
       0.0      85.0       0.0       0.0
     120.0       5.0     -80.0       0.0       1.0
       0.0       5.0       0.0       0.0
       0.0      85.0       0.0       0.0
     120.0       5.0     -85.0       0.0       1.0
       0.0       5.0       0.0       0.0
       0.0      85.0       0.0       0.0
     130.0       5.0      -5.0       0.0       1.0
       0.0       5.0       0.0       0.0
       0.0      85.0       0.0       0.0
     130.0       5.0     -10.0       0.0       1.0
       0.0       5.0       0.0       0.0
       0.0      85.0       0.0       0.0
     130.0       5.0     -15.0       0.0       1.0
       0.0       5.0       0.0       0.0
       0.0      85.0       0.0       0.0
     130.0       5.0     -20.0       0.0       1.0
       0.0       5.0       0.0       0.0
       0.0      85.0       0.0       0.0
     130.0       5.0     -25.0       0.0       1.0
       0.0       5.0       0.0       0.0
       0.0      85.0       0.0       0.0
     130.0       5.0     -30.0       0.0       1.0
       0.0       5.0       0.0       0.0
       0.0      85.0       0.0       0.0
     130.0       5.0     -35.0       0.0       1.0
       0.0       5.0       0.0       0.0
       0.0      85.0       0.0       0.0
     130.0       5.0     -40.0       0.0       1.0
       0.0       5.0       0.0       0.0
       0.0      85.0       0.0       0.0
     130.0       5.0     -45.0       0.0       1.0
       0.0       5.0       0.0       0.0
       0.0      85.0       0.0       0.0
     130.0       5.0     -50.0       0.0       1.0
       0.0       5.0       0.0       0.0
       0.0      85.0       0.0       0.0
     130.0       5.0     -55.0       0.0       1.0
       0.0       5.0       0.0       0.0
       0.0      85.0       0.0       0.0
     130.0       5.0     -60.0       0.0       1.0
       0.0       5.0       0.0       0.0
       0.0      85.0       0.0       0.0
     130.0       5.0     -65.0       0.0       1.0
       0.0       5.0       0.0       0.0
       0.0      85.0       0.0       0.0
     130.0       5.0     -70.0       0.0       1.0
       0.0       5.0       0.0       0.0
       0.0      85.0       0.0       0.0
     130.0       5.0     -75.0       0.0       1.0
       0.0       5.0       0.0       0.0
       0.0      85.0       0.0       0.0
     130.0       5.0     -80.0       0.0       1.0
       0.0       5.0       0.0       0.0
       0.0      85.0       0.0       0.0
     130.0       5.0     -85.0       0.0       1.0
       0.0       5.0       0.0       0.0
       0.0      85.0       0.0       0.0
     140.0       5.0      -5.0       0.0       1.0
       0.0       5.0       0.0       0.0
       0.0      85.0       0.0       0.0
     140.0       5.0     -10.0       0.0       1.0
       0.0       5.0       0.0       0.0
       0.0      85.0       0.0       0.0
     140.0       5.0     -15.0       0.0       1.0
       0.0       5.0       0.0       0.0
       0.0      85.0       0.0       0.0
     140.0       5.0     -20.0       0.0       1.0
       0.0       5.0       0.0       0.0
       0.0      85.0       0.0       0.0
     140.0       5.0     -25.0       0.0       1.0
       0.0       5.0       0.0       0.0
       0.0      85.0       0.0       0.0
     140.0       5.0     -30.0       0.0       1.0
       0.0       5.0       0.0       0.0
       0.0      85.0       0.0       0.0
     140.0       5.0     -35.0       0.0       1.0
       0.0       5.0       0.0       0.0
       0.0      85.0       0.0       0.0
     140.0       5.0     -40.0       0.0       1.0
       0.0       5.0       0.0       0.0
       0.0      85.0       0.0       0.0
     140.0       5.0     -45.0       0.0       1.0
       0.0       5.0       0.0       0.0
       0.0      85.0       0.0       0.0
     140.0       5.0     -50.0       0.0       1.0
       0.0       5.0       0.0       0.0
       0.0      85.0       0.0       0.0
     140.0       5.0     -55.0       0.0       1.0
       0.0       5.0       0.0       0.0
       0.0      85.0       0.0       0.0
     140.0       5.0     -60.0       0.0       1.0
       0.0       5.0       0.0       0.0
       0.0      85.0       0.0       0.0
     140.0       5.0     -65.0       0.0       1.0
       0.0       5.0       0.0       0.0
       0.0      85.0       0.0       0.0
     140.0       5.0     -70.0       0.0       1.0
       0.0       5.0       0.0       0.0
       0.0      85.0       0.0       0.0
     140.0       5.0     -75.0       0.0       1.0
       0.0       5.0       0.0       0.0
       0.0      85.0       0.0       0.0
     140.0       5.0     -80.0       0.0       1.0
       0.0       5.0       0.0       0.0
       0.0      85.0       0.0       0.0
     140.0       5.0     -85.0       0.0       1.0
       0.0       5.0       0.0       0.0
       0.0      85.0       0.0       0.0
     150.0       5.0      -5.0       0.0       1.0
       0.0       5.0       0.0       0.0
       0.0      85.0       0.0       0.0
     150.0       5.0     -10.0       0.0       1.0
       0.0       5.0       0.0       0.0
       0.0      85.0       0.0       0.0
     150.0       5.0     -15.0       0.0       1.0
       0.0       5.0       0.0       0.0
       0.0      85.0       0.0       0.0
     150.0       5.0     -20.0       0.0       1.0
       0.0       5.0       0.0       0.0
       0.0      85.0       0.0       0.0
     150.0       5.0     -25.0       0.0       1.0
       0.0       5.0       0.0       0.0
       0.0      85.0       0.0       0.0
     150.0       5.0     -30.0       0.0       1.0
       0.0       5.0       0.0       0.0
       0.0      85.0       0.0       0.0
     150.0       5.0     -35.0       0.0       1.0
       0.0       5.0       0.0       0.0
       0.0      85.0       0.0       0.0
     150.0       5.0     -40.0       0.0       1.0
       0.0       5.0       0.0       0.0
       0.0      85.0       0.0       0.0
     150.0       5.0     -45.0       0.0       1.0
       0.0       5.0       0.0       0.0
       0.0      85.0       0.0       0.0
     150.0       5.0     -50.0       0.0       1.0
       0.0       5.0       0.0       0.0
       0.0      85.0       0.0       0.0
     150.0       5.0     -55.0       0.0       1.0
       0.0       5.0       0.0       0.0
       0.0      85.0       0.0       0.0
     150.0       5.0     -60.0       0.0       1.0
       0.0       5.0       0.0       0.0
       0.0      85.0       0.0       0.0
     150.0       5.0     -65.0       0.0       1.0
       0.0       5.0       0.0       0.0
       0.0      85.0       0.0       0.0
     150.0       5.0     -70.0       0.0       1.0
       0.0       5.0       0.0       0.0
       0.0      85.0       0.0       0.0
     150.0       5.0     -75.0       0.0       1.0
       0.0       5.0       0.0       0.0
       0.0      85.0       0.0       0.0
     150.0       5.0     -80.0       0.0       1.0
       0.0       5.0       0.0       0.0
       0.0      85.0       0.0       0.0
     150.0       5.0     -85.0       0.0       1.0
       0.0       5.0       0.0       0.0
       0.0      85.0       0.0       0.0
     160.0       5.0      -5.0       0.0       1.0
       0.0       5.0       0.0       0.0
       0.0      85.0       0.0       0.0
     160.0       5.0     -10.0       0.0       1.0
       0.0       5.0       0.0       0.0
       0.0      85.0       0.0       0.0
     160.0       5.0     -15.0       0.0       1.0
       0.0       5.0       0.0       0.0
       0.0      85.0       0.0       0.0
     160.0       5.0     -20.0       0.0       1.0
       0.0       5.0       0.0       0.0
       0.0      85.0       0.0       0.0
     160.0       5.0     -25.0       0.0       1.0
       0.0       5.0       0.0       0.0
       0.0      85.0       0.0       0.0
     160.0       5.0     -30.0       0.0       1.0
       0.0       5.0       0.0       0.0
       0.0      85.0       0.0       0.0
     160.0       5.0     -35.0       0.0       1.0
       0.0       5.0       0.0       0.0
       0.0      85.0       0.0       0.0
     160.0       5.0     -40.0       0.0       1.0
       0.0       5.0       0.0       0.0
       0.0      85.0       0.0       0.0
     160.0       5.0     -45.0       0.0       1.0
       0.0       5.0       0.0       0.0
       0.0      85.0       0.0       0.0
     160.0       5.0     -50.0       0.0       1.0
       0.0       5.0       0.0       0.0
       0.0      85.0       0.0       0.0
     160.0       5.0     -55.0       0.0       1.0
       0.0       5.0       0.0       0.0
       0.0      85.0       0.0       0.0
     160.0       5.0     -60.0       0.0       1.0
       0.0       5.0       0.0       0.0
       0.0      85.0       0.0       0.0
     160.0       5.0     -65.0       0.0       1.0
       0.0       5.0       0.0       0.0
       0.0      85.0       0.0       0.0
     160.0       5.0     -70.0       0.0       1.0
       0.0       5.0       0.0       0.0
       0.0      85.0       0.0       0.0
     160.0       5.0     -75.0       0.0       1.0
       0.0       5.0       0.0       0.0
       0.0      85.0       0.0       0.0
     160.0       5.0     -80.0       0.0       1.0
       0.0       5.0       0.0       0.0
       0.0      85.0       0.0       0.0
     160.0       5.0     -85.0       0.0       1.0
       0.0       5.0       0.0       0.0
       0.0      85.0       0.0       0.0
     170.0       5.0      -5.0       0.0       1.0
       0.0       5.0       0.0       0.0
       0.0      85.0       0.0       0.0
     170.0       5.0     -10.0       0.0       1.0
       0.0       5.0       0.0       0.0
       0.0      85.0       0.0       0.0
     170.0       5.0     -15.0       0.0       1.0
       0.0       5.0       0.0       0.0
       0.0      85.0       0.0       0.0
     170.0       5.0     -20.0       0.0       1.0
       0.0       5.0       0.0       0.0
       0.0      85.0       0.0       0.0
     170.0       5.0     -25.0       0.0       1.0
       0.0       5.0       0.0       0.0
       0.0      85.0       0.0       0.0
     170.0       5.0     -30.0       0.0       1.0
       0.0       5.0       0.0       0.0
       0.0      85.0       0.0       0.0
     170.0       5.0     -35.0       0.0       1.0
       0.0       5.0       0.0       0.0
       0.0      85.0       0.0       0.0
     170.0       5.0     -40.0       0.0       1.0
       0.0       5.0       0.0       0.0
       0.0      85.0       0.0       0.0
     170.0       5.0     -45.0       0.0       1.0
       0.0       5.0       0.0       0.0
       0.0      85.0       0.0       0.0
     170.0       5.0     -50.0       0.0       1.0
       0.0       5.0       0.0       0.0
       0.0      85.0       0.0       0.0
     170.0       5.0     -55.0       0.0       1.0
       0.0       5.0       0.0       0.0
       0.0      85.0       0.0       0.0
     170.0       5.0     -60.0       0.0       1.0
       0.0       5.0       0.0       0.0
       0.0      85.0       0.0       0.0
     170.0       5.0     -65.0       0.0       1.0
       0.0       5.0       0.0       0.0
       0.0      85.0       0.0       0.0
     170.0       5.0     -70.0       0.0       1.0
       0.0       5.0       0.0       0.0
       0.0      85.0       0.0       0.0
     170.0       5.0     -75.0       0.0       1.0
       0.0       5.0       0.0       0.0
       0.0      85.0       0.0       0.0
     170.0       5.0     -80.0       0.0       1.0
       0.0       5.0       0.0       0.0
       0.0      85.0       0.0       0.0
     170.0       5.0     -85.0       0.0       1.0
       0.0       5.0       0.0       0.0
       0.0      85.0       0.0       0.0
     180.0       5.0      -5.0       0.0       1.0
       0.0       5.0       0.0       0.0
       0.0      85.0       0.0       0.0
     180.0       5.0     -10.0       0.0       1.0
       0.0       5.0       0.0       0.0
       0.0      85.0       0.0       0.0
     180.0       5.0     -15.0       0.0       1.0
       0.0       5.0       0.0       0.0
       0.0      85.0       0.0       0.0
     180.0       5.0     -20.0       0.0       1.0
       0.0       5.0       0.0       0.0
       0.0      85.0       0.0       0.0
     180.0       5.0     -25.0       0.0       1.0
       0.0       5.0       0.0       0.0
       0.0      85.0       0.0       0.0
     180.0       5.0     -30.0       0.0       1.0
       0.0       5.0       0.0       0.0
       0.0      85.0       0.0       0.0
     180.0       5.0     -35.0       0.0       1.0
       0.0       5.0       0.0       0.0
       0.0      85.0       0.0       0.0
     180.0       5.0     -40.0       0.0       1.0
       0.0       5.0       0.0       0.0
       0.0      85.0       0.0       0.0
     180.0       5.0     -45.0       0.0       1.0
       0.0       5.0       0.0       0.0
       0.0      85.0       0.0       0.0
     180.0       5.0     -50.0       0.0       1.0
       0.0       5.0       0.0       0.0
       0.0      85.0       0.0       0.0
     180.0       5.0     -55.0       0.0       1.0
       0.0       5.0       0.0       0.0
       0.0      85.0       0.0       0.0
     180.0       5.0     -60.0       0.0       1.0
       0.0       5.0       0.0       0.0
       0.0      85.0       0.0       0.0
     180.0       5.0     -65.0       0.0       1.0
       0.0       5.0       0.0       0.0
       0.0      85.0       0.0       0.0
     180.0       5.0     -70.0       0.0       1.0
       0.0       5.0       0.0       0.0
       0.0      85.0       0.0       0.0
     180.0       5.0     -75.0       0.0       1.0
       0.0       5.0       0.0       0.0
       0.0      85.0       0.0       0.0
     180.0       5.0     -80.0       0.0       1.0
       0.0       5.0       0.0       0.0
       0.0      85.0       0.0       0.0
     180.0       5.0     -85.0       0.0       1.0
       0.0       5.0       0.0       0.0
       0.0      85.0       0.0       0.0
     190.0       5.0      -5.0       0.0       1.0
       0.0       5.0       0.0       0.0
       0.0      85.0       0.0       0.0
     190.0       5.0     -10.0       0.0       1.0
       0.0       5.0       0.0       0.0
       0.0      85.0       0.0       0.0
     190.0       5.0     -15.0       0.0       1.0
       0.0       5.0       0.0       0.0
       0.0      85.0       0.0       0.0
     190.0       5.0     -20.0       0.0       1.0
       0.0       5.0       0.0       0.0
       0.0      85.0       0.0       0.0
     190.0       5.0     -25.0       0.0       1.0
       0.0       5.0       0.0       0.0
       0.0      85.0       0.0       0.0
     190.0       5.0     -30.0       0.0       1.0
       0.0       5.0       0.0       0.0
       0.0      85.0       0.0       0.0
     190.0       5.0     -35.0       0.0       1.0
       0.0       5.0       0.0       0.0
       0.0      85.0       0.0       0.0
     190.0       5.0     -40.0       0.0       1.0
       0.0       5.0       0.0       0.0
       0.0      85.0       0.0       0.0
     190.0       5.0     -45.0       0.0       1.0
       0.0       5.0       0.0       0.0
       0.0      85.0       0.0       0.0
     190.0       5.0     -50.0       0.0       1.0
       0.0       5.0       0.0       0.0
       0.0      85.0       0.0       0.0
     190.0       5.0     -55.0       0.0       1.0
       0.0       5.0       0.0       0.0
       0.0      85.0       0.0       0.0
     190.0       5.0     -60.0       0.0       1.0
       0.0       5.0       0.0       0.0
       0.0      85.0       0.0       0.0
     190.0       5.0     -65.0       0.0       1.0
       0.0       5.0       0.0       0.0
       0.0      85.0       0.0       0.0
     190.0       5.0     -70.0       0.0       1.0
       0.0       5.0       0.0       0.0
       0.0      85.0       0.0       0.0
     190.0       5.0     -75.0       0.0       1.0
       0.0       5.0       0.0       0.0
       0.0      85.0       0.0       0.0
     190.0       5.0     -80.0       0.0       1.0
       0.0       5.0       0.0       0.0
       0.0      85.0       0.0       0.0
     190.0       5.0     -85.0       0.0       1.0
       0.0       5.0       0.0       0.0
       0.0      85.0       0.0       0.0
     200.0       5.0      -5.0       0.0       1.0
       0.0       5.0       0.0       0.0
       0.0      85.0       0.0       0.0
     200.0       5.0     -10.0       0.0       1.0
       0.0       5.0       0.0       0.0
       0.0      85.0       0.0       0.0
     200.0       5.0     -15.0       0.0       1.0
       0.0       5.0       0.0       0.0
       0.0      85.0       0.0       0.0
     200.0       5.0     -20.0       0.0       1.0
       0.0       5.0       0.0       0.0
       0.0      85.0       0.0       0.0
     200.0       5.0     -25.0       0.0       1.0
       0.0       5.0       0.0       0.0
       0.0      85.0       0.0       0.0
     200.0       5.0     -30.0       0.0       1.0
       0.0       5.0       0.0       0.0
       0.0      85.0       0.0       0.0
     200.0       5.0     -35.0       0.0       1.0
       0.0       5.0       0.0       0.0
       0.0      85.0       0.0       0.0
     200.0       5.0     -40.0       0.0       1.0
       0.0       5.0       0.0       0.0
       0.0      85.0       0.0       0.0
     200.0       5.0     -45.0       0.0       1.0
       0.0       5.0       0.0       0.0
       0.0      85.0       0.0       0.0
     200.0       5.0     -50.0       0.0       1.0
       0.0       5.0       0.0       0.0
       0.0      85.0       0.0       0.0
     200.0       5.0     -55.0       0.0       1.0
       0.0       5.0       0.0       0.0
       0.0      85.0       0.0       0.0
     200.0       5.0     -60.0       0.0       1.0
       0.0       5.0       0.0       0.0
       0.0      85.0       0.0       0.0
     200.0       5.0     -65.0       0.0       1.0
       0.0       5.0       0.0       0.0
       0.0      85.0       0.0       0.0
     200.0       5.0     -70.0       0.0       1.0
       0.0       5.0       0.0       0.0
       0.0      85.0       0.0       0.0
     200.0       5.0     -75.0       0.0       1.0
       0.0       5.0       0.0       0.0
       0.0      85.0       0.0       0.0
     200.0       5.0     -80.0       0.0       1.0
       0.0       5.0       0.0       0.0
       0.0      85.0       0.0       0.0
     200.0       5.0     -85.0       0.0       1.0
       0.0       5.0       0.0       0.0
       0.0      85.0       0.0       0.0
     210.0       5.0      -5.0       0.0       1.0
       0.0       5.0       0.0       0.0
       0.0      85.0       0.0       0.0
     210.0       5.0     -10.0       0.0       1.0
       0.0       5.0       0.0       0.0
       0.0      85.0       0.0       0.0
     210.0       5.0     -15.0       0.0       1.0
       0.0       5.0       0.0       0.0
       0.0      85.0       0.0       0.0
     210.0       5.0     -20.0       0.0       1.0
       0.0       5.0       0.0       0.0
       0.0      85.0       0.0       0.0
     210.0       5.0     -25.0       0.0       1.0
       0.0       5.0       0.0       0.0
       0.0      85.0       0.0       0.0
     210.0       5.0     -30.0       0.0       1.0
       0.0       5.0       0.0       0.0
       0.0      85.0       0.0       0.0
     210.0       5.0     -35.0       0.0       1.0
       0.0       5.0       0.0       0.0
       0.0      85.0       0.0       0.0
     210.0       5.0     -40.0       0.0       1.0
       0.0       5.0       0.0       0.0
       0.0      85.0       0.0       0.0
     210.0       5.0     -45.0       0.0       1.0
       0.0       5.0       0.0       0.0
       0.0      85.0       0.0       0.0
     210.0       5.0     -50.0       0.0       1.0
       0.0       5.0       0.0       0.0
       0.0      85.0       0.0       0.0
     210.0       5.0     -55.0       0.0       1.0
       0.0       5.0       0.0       0.0
       0.0      85.0       0.0       0.0
     210.0       5.0     -60.0       0.0       1.0
       0.0       5.0       0.0       0.0
       0.0      85.0       0.0       0.0
     210.0       5.0     -65.0       0.0       1.0
       0.0       5.0       0.0       0.0
       0.0      85.0       0.0       0.0
     210.0       5.0     -70.0       0.0       1.0
       0.0       5.0       0.0       0.0
       0.0      85.0       0.0       0.0
     210.0       5.0     -75.0       0.0       1.0
       0.0       5.0       0.0       0.0
       0.0      85.0       0.0       0.0
     210.0       5.0     -80.0       0.0       1.0
       0.0       5.0       0.0       0.0
       0.0      85.0       0.0       0.0
     210.0       5.0     -85.0       0.0       1.0
       0.0       5.0       0.0       0.0
       0.0      85.0       0.0       0.0
     220.0       5.0      -5.0       0.0       1.0
       0.0       5.0       0.0       0.0
       0.0      85.0       0.0       0.0
     220.0       5.0     -10.0       0.0       1.0
       0.0       5.0       0.0       0.0
       0.0      85.0       0.0       0.0
     220.0       5.0     -15.0       0.0       1.0
       0.0       5.0       0.0       0.0
       0.0      85.0       0.0       0.0
     220.0       5.0     -20.0       0.0       1.0
       0.0       5.0       0.0       0.0
       0.0      85.0       0.0       0.0
     220.0       5.0     -25.0       0.0       1.0
       0.0       5.0       0.0       0.0
       0.0      85.0       0.0       0.0
     220.0       5.0     -30.0       0.0       1.0
       0.0       5.0       0.0       0.0
       0.0      85.0       0.0       0.0
     220.0       5.0     -35.0       0.0       1.0
       0.0       5.0       0.0       0.0
       0.0      85.0       0.0       0.0
     220.0       5.0     -40.0       0.0       1.0
       0.0       5.0       0.0       0.0
       0.0      85.0       0.0       0.0
     220.0       5.0     -45.0       0.0       1.0
       0.0       5.0       0.0       0.0
       0.0      85.0       0.0       0.0
     220.0       5.0     -50.0       0.0       1.0
       0.0       5.0       0.0       0.0
       0.0      85.0       0.0       0.0
     220.0       5.0     -55.0       0.0       1.0
       0.0       5.0       0.0       0.0
       0.0      85.0       0.0       0.0
     220.0       5.0     -60.0       0.0       1.0
       0.0       5.0       0.0       0.0
       0.0      85.0       0.0       0.0
     220.0       5.0     -65.0       0.0       1.0
       0.0       5.0       0.0       0.0
       0.0      85.0       0.0       0.0
     220.0       5.0     -70.0       0.0       1.0
       0.0       5.0       0.0       0.0
       0.0      85.0       0.0       0.0
     220.0       5.0     -75.0       0.0       1.0
       0.0       5.0       0.0       0.0
       0.0      85.0       0.0       0.0
     220.0       5.0     -80.0       0.0       1.0
       0.0       5.0       0.0       0.0
       0.0      85.0       0.0       0.0
     220.0       5.0     -85.0       0.0       1.0
       0.0       5.0       0.0       0.0
       0.0      85.0       0.0       0.0
     230.0       5.0      -5.0       0.0       1.0
       0.0       5.0       0.0       0.0
       0.0      85.0       0.0       0.0
     230.0       5.0     -10.0       0.0       1.0
       0.0       5.0       0.0       0.0
       0.0      85.0       0.0       0.0
     230.0       5.0     -15.0       0.0       1.0
       0.0       5.0       0.0       0.0
       0.0      85.0       0.0       0.0
     230.0       5.0     -20.0       0.0       1.0
       0.0       5.0       0.0       0.0
       0.0      85.0       0.0       0.0
     230.0       5.0     -25.0       0.0       1.0
       0.0       5.0       0.0       0.0
       0.0      85.0       0.0       0.0
     230.0       5.0     -30.0       0.0       1.0
       0.0       5.0       0.0       0.0
       0.0      85.0       0.0       0.0
     230.0       5.0     -35.0       0.0       1.0
       0.0       5.0       0.0       0.0
       0.0      85.0       0.0       0.0
     230.0       5.0     -40.0       0.0       1.0
       0.0       5.0       0.0       0.0
       0.0      85.0       0.0       0.0
     230.0       5.0     -45.0       0.0       1.0
       0.0       5.0       0.0       0.0
       0.0      85.0       0.0       0.0
     230.0       5.0     -50.0       0.0       1.0
       0.0       5.0       0.0       0.0
       0.0      85.0       0.0       0.0
     230.0       5.0     -55.0       0.0       1.0
       0.0       5.0       0.0       0.0
       0.0      85.0       0.0       0.0
     230.0       5.0     -60.0       0.0       1.0
       0.0       5.0       0.0       0.0
       0.0      85.0       0.0       0.0
     230.0       5.0     -65.0       0.0       1.0
       0.0       5.0       0.0       0.0
       0.0      85.0       0.0       0.0
     230.0       5.0     -70.0       0.0       1.0
       0.0       5.0       0.0       0.0
       0.0      85.0       0.0       0.0
     230.0       5.0     -75.0       0.0       1.0
       0.0       5.0       0.0       0.0
       0.0      85.0       0.0       0.0
     230.0       5.0     -80.0       0.0       1.0
       0.0       5.0       0.0       0.0
       0.0      85.0       0.0       0.0
     230.0       5.0     -85.0       0.0       1.0
       0.0       5.0       0.0       0.0
       0.0      85.0       0.0       0.0
     240.0       5.0      -5.0       0.0       1.0
       0.0       5.0       0.0       0.0
       0.0      85.0       0.0       0.0
     240.0       5.0     -10.0       0.0       1.0
       0.0       5.0       0.0       0.0
       0.0      85.0       0.0       0.0
     240.0       5.0     -15.0       0.0       1.0
       0.0       5.0       0.0       0.0
       0.0      85.0       0.0       0.0
     240.0       5.0     -20.0       0.0       1.0
       0.0       5.0       0.0       0.0
       0.0      85.0       0.0       0.0
     240.0       5.0     -25.0       0.0       1.0
       0.0       5.0       0.0       0.0
       0.0      85.0       0.0       0.0
     240.0       5.0     -30.0       0.0       1.0
       0.0       5.0       0.0       0.0
       0.0      85.0       0.0       0.0
     240.0       5.0     -35.0       0.0       1.0
       0.0       5.0       0.0       0.0
       0.0      85.0       0.0       0.0
     240.0       5.0     -40.0       0.0       1.0
       0.0       5.0       0.0       0.0
       0.0      85.0       0.0       0.0
     240.0       5.0     -45.0       0.0       1.0
       0.0       5.0       0.0       0.0
       0.0      85.0       0.0       0.0
     240.0       5.0     -50.0       0.0       1.0
       0.0       5.0       0.0       0.0
       0.0      85.0       0.0       0.0
     240.0       5.0     -55.0       0.0       1.0
       0.0       5.0       0.0       0.0
       0.0      85.0       0.0       0.0
     240.0       5.0     -60.0       0.0       1.0
       0.0       5.0       0.0       0.0
       0.0      85.0       0.0       0.0
     240.0       5.0     -65.0       0.0       1.0
       0.0       5.0       0.0       0.0
       0.0      85.0       0.0       0.0
     240.0       5.0     -70.0       0.0       1.0
       0.0       5.0       0.0       0.0
       0.0      85.0       0.0       0.0
     240.0       5.0     -75.0       0.0       1.0
       0.0       5.0       0.0       0.0
       0.0      85.0       0.0       0.0
     240.0       5.0     -80.0       0.0       1.0
       0.0       5.0       0.0       0.0
       0.0      85.0       0.0       0.0
     240.0       5.0     -85.0       0.0       1.0
       0.0       5.0       0.0       0.0
       0.0      85.0       0.0       0.0
     250.0       5.0      -5.0       0.0       1.0
       0.0       5.0       0.0       0.0
       0.0      85.0       0.0       0.0
     250.0       5.0     -10.0       0.0       1.0
       0.0       5.0       0.0       0.0
       0.0      85.0       0.0       0.0
     250.0       5.0     -15.0       0.0       1.0
       0.0       5.0       0.0       0.0
       0.0      85.0       0.0       0.0
     250.0       5.0     -20.0       0.0       1.0
       0.0       5.0       0.0       0.0
       0.0      85.0       0.0       0.0
     250.0       5.0     -25.0       0.0       1.0
       0.0       5.0       0.0       0.0
       0.0      85.0       0.0       0.0
     250.0       5.0     -30.0       0.0       1.0
       0.0       5.0       0.0       0.0
       0.0      85.0       0.0       0.0
     250.0       5.0     -35.0       0.0       1.0
       0.0       5.0       0.0       0.0
       0.0      85.0       0.0       0.0
     250.0       5.0     -40.0       0.0       1.0
       0.0       5.0       0.0       0.0
       0.0      85.0       0.0       0.0
     250.0       5.0     -45.0       0.0       1.0
       0.0       5.0       0.0       0.0
       0.0      85.0       0.0       0.0
     250.0       5.0     -50.0       0.0       1.0
       0.0       5.0       0.0       0.0
       0.0      85.0       0.0       0.0
     250.0       5.0     -55.0       0.0       1.0
       0.0       5.0       0.0       0.0
       0.0      85.0       0.0       0.0
     250.0       5.0     -60.0       0.0       1.0
       0.0       5.0       0.0       0.0
       0.0      85.0       0.0       0.0
     250.0       5.0     -65.0       0.0       1.0
       0.0       5.0       0.0       0.0
       0.0      85.0       0.0       0.0
     250.0       5.0     -70.0       0.0       1.0
       0.0       5.0       0.0       0.0
       0.0      85.0       0.0       0.0
     250.0       5.0     -75.0       0.0       1.0
       0.0       5.0       0.0       0.0
       0.0      85.0       0.0       0.0
     250.0       5.0     -80.0       0.0       1.0
       0.0       5.0       0.0       0.0
       0.0      85.0       0.0       0.0
     250.0       5.0     -85.0       0.0       1.0
       0.0       5.0       0.0       0.0
       0.0      85.0       0.0       0.0

